0.010000000000000000 1.102366626521790183 
0.060000000000000005 1.053777324883305111 
0.110000000000000001 1.035732028875589350 
0.160000000000000031 1.023674470635485667 
0.210000000000000020 1.014160744215828469 
0.260000000000000009 1.005978713750038445 
0.310000000000000053 0.998534226375301759 
0.359999999999999987 0.991465221527440210 
0.410000000000000031 0.984503233900857699 
0.460000000000000020 0.977403670252559253 
0.510000000000000009 0.969891004350354580 
0.560000000000000053 0.961584576923164902 
0.609999999999999987 0.951840445407386881 
0.660000000000000031 0.939319960762791228 
