0.001000000000 0.973991433814  
0.002000000000 0.949047325931  
0.003000000000 0.931539958488  
0.004000000000 0.917565508732  
0.005000000000 0.906049535156  
0.006000000000 0.896390677705  
0.007000000000 0.888135512139  
0.008000000000 0.880948659283  
0.009000000000 0.874590282269  
0.010000000000 0.868889121649  
0.010000000000 0.868889121649  
0.020000000000 0.830996478227  
0.030000000000 0.808366192636  
0.040000000000 0.791978179246  
0.050000000000 0.779005339717  
0.060000000000 0.768188917262  
0.070000000000 0.758857288042  
0.080000000000 0.750609070730  
0.090000000000 0.743185455716  
0.100000000000 0.736409561520  
0.110000000000 0.730155112914  
0.120000000000 0.724328763795  
0.130000000000 0.718859519270  
0.140000000000 0.713692088759  
0.150000000000 0.708782537349  
0.160000000000 0.704095343011  
0.170000000000 0.699601346973  
0.180000000000 0.695276290369  
0.190000000000 0.691099746474  
0.200000000000 0.687054326604  
0.210000000000 0.683125079341  
0.220000000000 0.679299029008  
0.230000000000 0.675564816201  
0.240000000000 0.671912414042  
0.250000000000 0.668332901758  
0.260000000000 0.664818281765  
0.270000000000 0.661361330453  
0.280000000000 0.657955475140  
0.290000000000 0.654594691582  
0.300000000000 0.651273417713  
0.310000000000 0.647986480308  
0.320000000000 0.644729031897  
0.330000000000 0.641496495891  
0.340000000000 0.638284518234  
0.350000000000 0.635088924204  
0.360000000000 0.631905679242  
0.370000000000 0.628730852825  
0.380000000000 0.625560584573  
0.390000000000 0.622391051814  
0.400000000000 0.619218437942  
0.450000000000 0.603171955248  
0.500000000000 0.586420319508  
0.550000000000 0.568260988699  
0.600000000000 0.547558231986  
0.650000000000 0.522037280922  
0.700000000000 0.485458699313  
