0.001000000000000000 0.971203173436245515 
0.003000000000000000 0.921990192701943934 
0.005000000000000000 0.898922093202197514 
0.007000000000000000 0.883608939516290159 
0.009000000000000001 0.872083219595180426 
0.010999999999999999 0.862809710380332717 
0.013000000000000001 0.855031026312350284 
0.014999999999999999 0.848317329019493749 
0.017000000000000001 0.842401039283641739 
0.019000000000000003 0.837104222579326263 
0.021000000000000001 0.832302537833068179 
0.023000000000000000 0.827905664597845314 
0.025000000000000001 0.823845922585668800 
0.027000000000000003 0.820071284789448129 
0.029000000000000001 0.816540893849395433 
0.031000000000000000 0.813222077028081136 
0.033000000000000002 0.810088296201513569 
0.035000000000000003 0.807117702034859552 
0.037000000000000005 0.804292090504924451 
0.039000000000000000 0.801596134464839793 
0.041000000000000002 0.799016807594738809 
0.043000000000000003 0.796542945685105863 
0.044999999999999998 0.794164907745578019 
0.047000000000000000 0.791874310864416286 
0.049000000000000002 0.789663820359443158 
0.051000000000000004 0.787526981936302550 
0.053000000000000005 0.785458086150513046 
0.055000000000000000 0.783452057988187400 
0.057000000000000002 0.781504366178330190 
0.059000000000000004 0.779610948151140959 
0.060999999999999999 0.777768147510854435 
0.063000000000000000 0.775972661599312330 
0.065000000000000002 0.774221497257059466 
0.067000000000000004 0.772511933290622399 
0.069000000000000006 0.770841488461866842 
0.071000000000000008 0.769207894052297836 
0.073000000000000009 0.767609070239435809 
0.074999999999999997 0.766043105666804114 
0.076999999999999999 0.764508239703053039 
0.079000000000000001 0.763002846976333249 
0.081000000000000003 0.761525423842495441 
0.083000000000000004 0.760074576504011667 
0.085000000000000006 0.758649010543714475 
0.087000000000000008 0.757247521675871615 
0.088999999999999996 0.755868987548540483 
0.090999999999999998 0.754512360456988440 
0.092999999999999999 0.753176660849308677 
0.095000000000000001 0.751860971523071075 
0.097000000000000003 0.750564432426604644 
0.099000000000000005 0.749286235990855864 
0.101000000000000006 0.748025622928137457 
0.103000000000000008 0.746781878442825509 
0.105000000000000010 0.745554328806461442 
0.106999999999999998 0.744342338255994496 
0.109000000000000000 0.743145306179255782 
0.111000000000000001 0.741962664556318097 
0.113000000000000003 0.740793875629322085 
0.115000000000000005 0.739638429776715567 
0.117000000000000007 0.738495843570751598 
0.119000000000000009 0.737365657999610180 
0.120999999999999996 0.736247436837674241 
0.122999999999999998 0.735140765149384756 
0.125000000000000000 0.734045247913748367 
0.127000000000000002 0.732960508758002116 
0.129000000000000004 0.731886188790198844 
0.131000000000000005 0.730821945521584415 
0.133000000000000007 0.729767451870597883 
0.135000000000000009 0.728722395241186871 
0.137000000000000011 0.727686476668877091 
0.139000000000000012 0.726659410028706376 
0.141000000000000014 0.725640921299715691 
0.143000000000000016 0.724630747881218951 
0.145000000000000018 0.723628637956536092 
0.146999999999999992 0.722634349900286410 
0.148999999999999994 0.721647651725708772 
0.150999999999999995 0.720668320568807252 
0.152999999999999997 0.719696142206415201 
0.154999999999999999 0.718730910605528961 
0.157000000000000001 0.717772427501512045 
0.159000000000000002 0.716820502002970983 
0.161000000000000004 0.715874950221304318 
0.163000000000000006 0.714935594923097217 
0.165000000000000008 0.714002265203685704 
0.167000000000000010 0.713074796180364734 
0.169000000000000011 0.712153028703832125 
0.171000000000000013 0.711236809086583044 
0.173000000000000015 0.710325988847070322 
0.175000000000000017 0.709420424468543920 
0.176999999999999991 0.708519977171567561 
0.178999999999999992 0.707624512699289498 
0.180999999999999994 0.706733901114617646 
0.182999999999999996 0.705848016608512485 
0.184999999999999998 0.704966737318673098 
0.187000000000000000 0.704089945157944430 
0.189000000000000001 0.703217525651825270 
0.191000000000000003 0.702349367784500189 
0.193000000000000005 0.701485363852866639 
0.195000000000000007 0.700625409328054172 
0.197000000000000008 0.699769402723984690 
0.199000000000000010 0.698917245472540971 
0.201000000000000012 0.698068841804949769 
0.203000000000000014 0.697224098639006029 
0.205000000000000016 0.696382925471797587 
0.207000000000000017 0.695545234277609059 
0.209000000000000019 0.694710939410701833 
0.210999999999999993 0.693879957512694934 
0.212999999999999995 0.693052207424284306 
0.214999999999999997 0.692227610101056379 
0.216999999999999998 0.691406088533167984 
0.219000000000000000 0.690587567668679236 
0.221000000000000002 0.689771974340338767 
0.223000000000000004 0.688959237195636454 
0.225000000000000006 0.688149286629944013 
0.227000000000000007 0.687342054722583029 
0.229000000000000009 0.686537475175661105 
0.231000000000000011 0.685735483255537126 
0.233000000000000013 0.684936015736771431 
0.235000000000000014 0.684139010848439755 
0.237000000000000016 0.683344408222685051 
0.239000000000000018 0.682552148845396722 
0.240999999999999992 0.681762175008908233 
0.242999999999999994 0.680974430266613084 
0.244999999999999996 0.680188859389404099 
0.246999999999999997 0.679405408323846216 
0.248999999999999999 0.678624024151997629 
0.251000000000000001 0.677844655052800116 
0.253000000000000003 0.677067250264962728 
0.255000000000000004 0.676291760051266566 
0.257000000000000006 0.675518135664225139 
0.259000000000000008 0.674746329313034354 
0.261000000000000010 0.673976294131753528 
0.263000000000000012 0.673207984148657568 
0.265000000000000013 0.672441354256710477 
0.267000000000000015 0.671676360185102794 
0.269000000000000017 0.670912958471811427 
0.271000000000000019 0.670151106437128052 
0.273000000000000020 0.669390762158118546 
0.275000000000000022 0.668631884443968261 
0.277000000000000024 0.667874432812174401 
0.279000000000000026 0.667118367465548645 
0.281000000000000028 0.666363649269993141 
0.283000000000000029 0.665610239733016029 
0.285000000000000031 0.664858100982956279 
0.287000000000000033 0.664107195748882106 
0.289000000000000035 0.663357487341141416 
0.290999999999999981 0.662608939632526428 
0.292999999999999983 0.661861517040035263 
0.294999999999999984 0.661115184507199416 
0.296999999999999986 0.660369907486953789 
0.298999999999999988 0.659625651925028977 
0.300999999999999990 0.658882384243838493 
0.302999999999999992 0.658140071326846487 
0.304999999999999993 0.657398680503389010 
0.306999999999999995 0.656658179533935238 
0.308999999999999997 0.655918536595766710 
0.310999999999999999 0.655179720269057353 
0.313000000000000000 0.654441699523340303 
0.315000000000000002 0.653704443704340776 
0.317000000000000004 0.652967922521163535 
0.319000000000000006 0.652232106033817205 
0.321000000000000008 0.651496964641064324 
0.323000000000000009 0.650762469068578264 
0.325000000000000011 0.650028590357401792 
0.327000000000000013 0.649295299852685526 
0.329000000000000015 0.648562569192701610 
0.331000000000000016 0.647830370298117630 
0.333000000000000018 0.647098675361518549 
0.335000000000000020 0.646367456837169563 
0.337000000000000022 0.645636687431004885 
0.339000000000000024 0.644906340090837027 
0.341000000000000025 0.644176387996772792 
0.343000000000000027 0.643446804551829565 
0.345000000000000029 0.642717563372742329 
0.347000000000000031 0.641988638280950319 
0.349000000000000032 0.641260003293759206 
0.351000000000000034 0.640531632615666591 
0.352999999999999980 0.639803500629845368 
0.354999999999999982 0.639075581889776201 
0.356999999999999984 0.638347851111022435 
0.358999999999999986 0.637620283163139234 
0.360999999999999988 0.636892853061712172 
0.362999999999999989 0.636165535960514283 
0.364999999999999991 0.635438307143780134 
0.366999999999999993 0.634711142018586583 
0.368999999999999995 0.633984016107335568 
0.370999999999999996 0.633256905040332052 
0.372999999999999998 0.632529784548453100 
0.375000000000000000 0.631802630455898573 
0.377000000000000002 0.631075418673021749 
0.379000000000000004 0.630348125189231223 
0.381000000000000005 0.629620726065960534 
0.383000000000000007 0.628893197429697959 
0.385000000000000009 0.628165515465074265 
0.387000000000000011 0.627437656408000088 
0.389000000000000012 0.626709596538849945 
0.391000000000000014 0.625981312175685423 
0.393000000000000016 0.625252779667515912 
0.395000000000000018 0.624523975387589414 
0.397000000000000020 0.623794875726707443 
0.399000000000000021 0.623065457086563579 
0.401000000000000023 0.622335695873095229 
0.403000000000000025 0.621605568489848603 
0.405000000000000027 0.620875051331347905 
0.407000000000000028 0.620144120776468744 
0.409000000000000030 0.619412753181805442 
0.411000000000000032 0.618680924875031457 
0.413000000000000034 0.617948612148247589 
0.415000000000000036 0.617215791251310764 
0.417000000000000037 0.616482438385141829 
0.418999999999999984 0.615748529695004709 
0.420999999999999985 0.615014041263753697 
0.422999999999999987 0.614278949105043770 
0.424999999999999989 0.613543229156497838 
0.426999999999999991 0.612806857272827465 
0.428999999999999992 0.612069809218899863 
0.430999999999999994 0.611332060662749699 
0.432999999999999996 0.610593587168525631 
0.434999999999999998 0.609854364189369336 
0.437000000000000000 0.609114367060222262 
0.439000000000000001 0.608373570990551782 
0.441000000000000003 0.607631951056992858 
0.443000000000000005 0.606889482195900665 
0.445000000000000007 0.606146139195805178 
0.447000000000000008 0.605401896689764629 
0.449000000000000010 0.604656729147609817 
0.451000000000000012 0.603910610868075182 
0.453000000000000014 0.603163515970807196 
0.455000000000000016 0.602415418388246193 
0.457000000000000017 0.601666291857373303 
0.459000000000000019 0.600916109911316276 
0.461000000000000021 0.600164845870806984 
0.463000000000000023 0.599412472835481935 
0.465000000000000024 0.598658963675021250 
0.467000000000000026 0.597904291020113887 
0.469000000000000028 0.597148427253245795 
0.471000000000000030 0.596391344499298648 
0.473000000000000032 0.595633014615952638 
0.475000000000000033 0.594873409183884538 
0.477000000000000035 0.594112499496750046 
0.479000000000000037 0.593350256550943200 
0.480999999999999983 0.592586651035121315 
0.482999999999999985 0.591821653319484442 
0.484999999999999987 0.591055233444802264 
0.486999999999999988 0.590287361111172748 
0.488999999999999990 0.589518005666504696 
0.490999999999999992 0.588747136094709855 
0.492999999999999994 0.587974721003593936 
0.494999999999999996 0.587200728612433109 
0.496999999999999997 0.586425126739220648 
0.498999999999999999 0.585647882787574181 
0.501000000000000001 0.584868963733283675 
0.503000000000000003 0.584088336110488715 
0.505000000000000004 0.583305965997469422 
0.507000000000000006 0.582521819002029706 
0.509000000000000008 0.581735860246463177 
0.511000000000000010 0.580948054352078080 
0.513000000000000012 0.580158365423262601 
0.515000000000000013 0.579366757031075319 
0.517000000000000015 0.578573192196336072 
0.519000000000000017 0.577777633372197563 
0.521000000000000019 0.576980042426174733 
0.523000000000000020 0.576180380621609478 
0.525000000000000022 0.575378608598545171 
0.527000000000000024 0.574574686353985564 
0.529000000000000026 0.573768573221510758 
0.531000000000000028 0.572960227850223935 
0.533000000000000029 0.572149608182995206 
0.535000000000000031 0.571336671433977705 
0.537000000000000033 0.570521374065355746 
0.539000000000000035 0.569703671763298058 
0.541000000000000036 0.568883519413075578 
0.543000000000000038 0.568060871073306717 
0.545000000000000040 0.567235679949293026 
0.547000000000000042 0.566407898365399731 
0.549000000000000044 0.565577477736440626 
0.551000000000000045 0.564744368538018349 
0.553000000000000047 0.563908520275773761 
0.555000000000000049 0.563069881453491572 
0.557000000000000051 0.562228399540008805 
0.559000000000000052 0.561384020934868500 
0.561000000000000054 0.560536690932660675 
0.563000000000000056 0.559686353685983851 
0.565000000000000058 0.558832952166963937 
0.567000000000000060 0.557976428127256674 
0.569000000000000061 0.557116722056460123 
0.571000000000000063 0.556253773138859819 
0.573000000000000065 0.555387519208420666 
0.575000000000000067 0.554517896701938517 
0.577000000000000068 0.553644840610258426 
0.578999999999999959 0.552768284427458845 
0.580999999999999961 0.551888160097899205 
0.582999999999999963 0.551004397961017633 
0.584999999999999964 0.550116926693761998 
0.586999999999999966 0.549225673250528068 
0.588999999999999968 0.548330562800473653 
0.590999999999999970 0.547431518662065408 
0.592999999999999972 0.546528462234708856 
0.594999999999999973 0.545621312927303426 
0.596999999999999975 0.544709988083550978 
0.598999999999999977 0.543794402903836738 
0.600999999999999979 0.542874470363491013 
0.602999999999999980 0.541950101127226525 
0.604999999999999982 0.541021203459531086 
0.606999999999999984 0.540087683130782592 
0.608999999999999986 0.539149443318836408 
0.610999999999999988 0.538206384505818702 
0.612999999999999989 0.537258404369839626 
0.614999999999999991 0.536305397671323458 
0.616999999999999993 0.535347256133624883 
0.618999999999999995 0.534383868317586108 
0.620999999999999996 0.533415119489654921 
0.622999999999999998 0.532440891483166090 
0.625000000000000000 0.531461062552347818 
0.627000000000000002 0.530475507218594822 
0.629000000000000004 0.529484096108503777 
0.631000000000000005 0.528486695783137561 
0.633000000000000007 0.527483168557935755 
0.635000000000000009 0.526473372312653121 
0.637000000000000011 0.525457160290645930 
0.639000000000000012 0.524434380886788176 
0.641000000000000014 0.523404877423227499 
0.643000000000000016 0.522368487912134305 
0.645000000000000018 0.521325044804525461 
0.647000000000000020 0.520274374724169486 
0.649000000000000021 0.519216298185493419 
0.651000000000000023 0.518150629294319875 
0.653000000000000025 0.517077175430165625 
0.655000000000000027 0.515995736908716696 
0.657000000000000028 0.514906106622974868 
0.659000000000000030 0.513808069661437217 
0.661000000000000032 0.512701402901516556 
0.663000000000000034 0.511585874576252153 
0.665000000000000036 0.510461243812171617 
0.667000000000000037 0.509327260135966964 
0.669000000000000039 0.508183662947424231 
0.671000000000000041 0.507030180955791332 
0.673000000000000043 0.505866531576500300 
0.675000000000000044 0.504692420284845844 
0.677000000000000046 0.503507539922875558 
0.679000000000000048 0.502311569955370629 
0.681000000000000050 0.501104175670358032 
0.683000000000000052 0.499885007319111174 
0.685000000000000053 0.498653699190063193 
0.687000000000000055 0.497409868610432460 
0.689000000000000057 0.496153114868685075 
0.691000000000000059 0.494883018050177037 
0.693000000000000060 0.493599137777438357 
0.695000000000000062 0.492301011845572067 
0.697000000000000064 0.490988154742107219 
0.699000000000000066 0.489660056039359470 
0.701000000000000068 0.488316178645888110 
0.703000000000000069 0.486955956901962750 
0.704999999999999960 0.485578794502032396 
0.706999999999999962 0.484184062224988943 
0.708999999999999964 0.482771095450478915 
0.710999999999999965 0.481339191436596980 
0.712999999999999967 0.479887606330902827 
0.714999999999999969 0.478415551882788004 
0.716999999999999971 0.476922191820647212 
0.718999999999999972 0.475406637851983727 
0.720999999999999974 0.473867945238353794 
0.722999999999999976 0.472305107889728903 
0.724999999999999978 0.470717052914255196 
0.726999999999999980 0.469102634549197484 
0.728999999999999981 0.467460627386794336 
0.730999999999999983 0.465789718794376917 
0.732999999999999985 0.464088500410933968 
0.734999999999999987 0.462355458581709511 
0.736999999999999988 0.460588963567587606 
0.738999999999999990 0.458787257335976695 
0.740999999999999992 0.456948439703370957 
0.742999999999999994 0.455070452555107141 
0.744999999999999996 0.453151061812993750 
0.746999999999999997 0.451187836753742744 
0.748999999999999999 0.449178126196977945 
0.751000000000000001 0.447119030976423748 
0.753000000000000003 0.445007371975580490 
0.755000000000000004 0.442839652841646170 
0.757000000000000006 0.440612016277729168 
0.759000000000000008 0.438320192538645736 
0.761000000000000010 0.435959438399537325 
0.763000000000000012 0.433524464400991461 
0.765000000000000013 0.431009347559966172 
0.767000000000000015 0.428407425916802476 
0.769000000000000017 0.425711170184957632 
0.771000000000000019 0.422912026265437724 
0.773000000000000020 0.420000220310516481 
0.775000000000000022 0.416964515113610323 
0.777000000000000024 0.413791902471092099 
0.779000000000000026 0.410467210195958998 
0.781000000000000028 0.406972593691758422 
0.783000000000000029 0.403286868840381230 
0.785000000000000031 0.399384622789928256 
0.787000000000000033 0.395235007541108241 
0.789000000000000035 0.390800070045917269 
0.791000000000000036 0.386032387222259854 
0.793000000000000038 0.380871626911071015 
0.795000000000000040 0.375239390429347730 
0.797000000000000042 0.369031190783779994 
0.799000000000000044 0.362103416309271842 
0.801000000000000045 0.354250973418639425 
0.803000000000000047 0.345166255716106263 
0.805000000000000049 0.334356896684746052 
0.807000000000000051 0.320959817606032205 
0.809000000000000052 0.303239870386078081 
